22.894662927928728
22.361688420582404
21.838787579307844
21.326178020427065
20.824045488074933
20.33254456430974
19.851799544484827
19.381905458885875
18.922929221245514
18.474910884704023
18.03786498606063
17.61178195970911
17.19662960344159
16.792354579287935
16.398883933695977
16.01612662261285
15.643975028358835
15.282306456563148
14.930984602821805
14.589860980118072
14.258776299390622
13.937561796927426
13.626040503487632
13.32402845119867
13.031335815334504
12.747767989045554
12.473126589981861
12.20721039852482
11.949816228024444
11.70073972802677
11.459776121979383
11.226720881322057
11.00137033821307
10.783522239415243
10.57297624407458
10.369534368276039
10.173001379361924
9.983185143053387
9.799896926432098
9.62295165982221
9.45216816056695
9.287369321625293
9.128382267825982
8.975038482512652
8.827173907198459
8.684629016725005
8.547248872290599
8.414883154579622
8.287386179089868
8.164616895621092
8.046438873754182
7.9327202760206985
7.823333820337341
7.718156733157089
7.617070694672586
7.519961777297076
7.426720378542326
7.3372411493141065
7.2514229185520325
7.169168615055139
7.0903851872510515
7.01498352159305
6.942878360198653
6.873988218279925
6.808235301854966
6.745545426177934
6.685847935273553
6.62907562291878
6.575164655371356
6.524054496110345
6.475687832817546
6.430010506801517
6.386971445036645
6.346522594967008
6.308618862202952
6.273218051219267
6.2402808091473645
6.209770572738872
6.181653518565748
6.15589851650998
6.132477086587519
6.11136335914168
6.092534038435039
6.075968369662765
6.061648109404894
6.049557499532061
6.039683244574256
6.032014492562019
6.026542819343891
6.023262216385651
6.022169082053972
6.023262216385651
6.026542819343891
6.032014492562019
6.039683244574256
6.049557499532061
6.061648109404894
6.075968369662765
6.092534038435039
6.11136335914168
6.132477086587519
6.15589851650998
6.181653518565748
6.209770572738872
6.2402808091473645
6.273218051219267
6.308618862202952
6.346522594967008
6.386971445036645
6.430010506801517
6.475687832817546
6.524054496110345
6.575164655371356
6.62907562291878
6.685847935273553
6.745545426177934
6.808235301854966
6.873988218279925
6.942878360198653
7.01498352159305
7.0903851872510515
7.169168615055139
7.2514229185520325
7.3372411493141065
7.426720378542326
7.519961777297076
7.617070694672586
7.718156733157089
7.823333820337341
7.9327202760206985
8.046438873754182
8.164616895621092
8.287386179089868
8.414883154579622
8.547248872290599
8.684629016725005
8.827173907198459
8.975038482512652
9.128382267825982
9.287369321625293
9.45216816056695
9.62295165982221
9.799896926432098
9.983185143053387
10.173001379361924
10.369534368276039
10.57297624407458
10.783522239415243
11.00137033821307
11.226720881322057
11.459776121979383
11.70073972802677
11.949816228024444
12.20721039852482
12.473126589981861
12.747767989045554
13.031335815334504
13.32402845119867
13.626040503487632
13.937561796927426
14.258776299390622
14.589860980118072
14.930984602821805
15.282306456563148
15.643975028358835
16.01612662261285
16.398883933695977
16.792354579287935
17.19662960344159
17.61178195970911
18.03786498606063
18.474910884704023
18.922929221245514
19.381905458885875
19.851799544484827
20.33254456430974
20.824045488074933
21.326178020427065
21.838787579307844
22.361688420582404
22.894662927928728