Mortar_24 -3 -0.5 -9 1 0 0 0 3 3 3
House_Plant_35 31.6 1.55 4 1 0 0 0 0.2 0.2 0.2
Trash_Can_16 -3.562 -0.75 15.7819 -0.4611215 0 -0.887337 0 0.02000001 0.02 0.02000001
Ball_31 17.35 3 -5.019899 0.7071067 -0.7071068 0 0 40.51661 40.51657 40.51657
CellPhone_34 13.6 0.5 3 0.7071068 -0.7071068 0 0 3 3.000001 3.000001
Pipette_15 -0.75 1.6 16.9801 0.635006 0.635006 -0.3110746 0.3110746 2 2 2
Speaker_33 24.75 1.990298 7.769962 0.03861695 0 0.9992541 0 1 0.9847547 1
Candle_23 0.5880001 0.789 -15.0199 0 0 1 1.192093E-07 1 1 1
Instrument_Tray_12 -4.1556 1.132 11.7611 1 0 0 0 0.02 0.02 0.02
Brain_Jar_13 -7.940497 2.5799 17.61913 0.17082 0 -0.9853023 0 0.02000001 0.02 0.02000002
Cristal_Flask_22 6.45 0.79 -13.5199 1 0 0 0 2 2 2
Flask_11 -4.75 1.55 8.980101 0.9997921 0 -0.02039088 0 2 2 2
Laptop_36 23.85 0.4 -4.019899 1 0 0 0 3 3 3
Magic_Book_21 0.7750001 0.862 -12.8818 0 0 1 0 1 1 1
EarthTotem_26 10.8 -0.5 -8.7 0.5932065 1.296495E-08 0.8050504 -1.759492E-08 1 1 1
Chair_32 30.1 -0.75 -4.398789 0.7071067 -0.7071068 0 0 80 79.99998 79.99998
AirTotem_25 -1 -0.4608691 -18 1 2.185569E-08 0 0 2 2 2
Notebook_14 -4.5 1.37 1.8 1 0 -0.3 0 1 1 1
