Mortar_24 16.25 -0.75 1.980101 1 0 0 0 3 3 3
House_Plant_35 9.7 1.52 -12.9699 1 0 0 0 0.2 0.2 0.2
Trash_Can_16 1.05 -0.45 -18.0199 -0.4611215 0 -0.887337 0 0.02000001 0.02 0.02000001
Ball_31 0.75 1.85 2.780101 0.7071067 -0.7071068 0 0 40.51661 40.51657 40.51657
CellPhone_34 5.25 0.31 -12.2199 0.7071068 -0.7071068 0 0 3 3.000001 3.000001
Pipette_15 2.25 0.35 -15.2199 0.635006 0.635006 -0.3110746 0.3110746 2 2 2
Speaker_33 0.25 1.9 9.480101 0.03861695 0 0.9992541 0 1 0.9847547 1
Candle_23 -7.25 1.35 0.9801006 0 0 1 1.192093E-07 1 1 1
Instrument_Tray_12 22.55 1.7 7.480101 1 0 0 0 0.02 0.02 0.02
Brain_Jar_13 10.75 0.55 6.480101 0.17082 0 -0.9853023 0 0.02000001 0.02 0.02000002
Cristal_Flask_22 19.25 1.01 7.480101 1 0 0 0 2 2 2
Flask_11 16.25 0.27 5.980101 0.9997921 0 -0.02039088 0 2 2 2
Laptop_36 -1.25 1.75 24.4801 0 0 1 0 3 3 3
Magic_Book_21 6.75 1.7 9.980101 0 0 1 0 1 1 1
EarthTotem_26 28.75 -0.75 7.480101 0.5932065 1.296495E-08 0.8050504 -1.759492E-08 1 1 1
Chair_32 10.05 -0.45 -18.0199 0.7071067 -0.7071068 0 0 80 79.99998 79.99998
AirTotem_25 -6.75 -0.65 21.9801 1 2.185569E-08 0 0 2 2 2
Notebook_14 2.25 2.0 -19.0199 1 0 0 0 1 1 1
